epoch,train_loss,val_acc,avg_temp_c,max_temp_c,avg_power_w,energy_wh
1,2.351955,0.319200,51.6786,70.0000,78.7598,77.8048
2,0.950635,0.460950,50.1229,58.0000,75.9887,100.3620
3,0.740062,0.524525,50.1163,58.0000,75.9675,100.1231
4,0.653570,0.556025,50.0226,58.0000,75.9696,100.2788
5,0.605585,0.562500,49.9902,58.0000,75.9576,100.3502
6,0.574449,0.570500,49.9826,57.0000,75.9489,100.7542
7,0.577420,0.560975,50.0257,58.0000,75.9514,100.6639
8,0.572139,0.611450,50.2391,58.0000,75.9613,100.7116
9,0.496336,0.616375,50.6291,58.0000,76.0168,100.7773
10,0.504786,0.592025,50.9328,58.0000,75.9893,100.7619
11,0.489788,0.590950,50.8845,58.0000,76.0417,101.0117
12,0.498584,0.531850,50.9882,59.0000,75.9908,100.7340
13,0.445779,0.627075,51.0468,59.0000,76.0146,100.7342
14,0.413084,0.634550,50.9734,59.0000,76.0351,101.0012
15,0.402472,0.638225,50.9177,58.0000,76.0476,100.9964
16,0.393235,0.640900,50.8318,59.0000,76.0223,100.8930
17,0.385973,0.640625,50.9038,58.0000,76.0187,100.9524
18,0.382592,0.640350,51.0088,59.0000,76.1942,101.6459
19,0.377371,0.637525,50.7856,58.0000,75.9895,101.6356
test_acc,0.260000
