epoch,train_loss,val_loss,val_acc,avg_temp_c,max_temp_c,avg_power_w,energy_wh
1,2.437880,1.179140,0.167650,57.4228,63.0000,98.1898,14.2553
2,0.772732,0.619683,0.525150,60.5924,64.0000,98.7418,14.2373
3,0.561911,0.541454,0.578400,60.8708,64.0000,98.6114,14.2510
4,0.500180,0.505234,0.601250,60.9473,64.0000,98.6288,14.3099
5,0.463353,0.495250,0.613400,60.9766,64.0000,98.8338,14.2287
6,0.435040,0.496918,0.608600,60.9682,64.0000,98.7868,14.2183
7,0.412087,0.474367,0.624225,60.9257,64.0000,98.6065,14.2233
8,0.391059,0.480165,0.622925,60.9894,65.0000,98.7657,14.2361
9,0.374229,0.474288,0.626800,60.9193,65.0000,98.7792,14.2329
10,0.355127,0.480354,0.625150,60.9682,64.0000,98.7269,14.2300
11,0.337854,0.480386,0.628625,60.9724,64.0000,98.7631,14.2384
12,0.324164,0.479007,0.631250,60.9788,64.0000,98.7689,14.2273
13,0.309890,0.491056,0.630450,60.9087,64.0000,98.7100,14.2322
14,0.297622,0.499555,0.629750,60.9064,64.0000,98.6859,14.2151
15,0.284833,0.516153,0.628375,60.9936,64.0000,98.7085,14.2253
16,0.237332,0.496871,0.641675,61.0212,64.0000,98.6921,14.2351
17,0.223231,0.500234,0.643000,60.9110,65.0000,98.6224,14.2334
18,0.218166,0.503639,0.642575,61.0809,65.0000,98.7748,14.2196
19,0.212356,0.508888,0.642900,61.1723,65.0000,98.7858,14.2240
20,0.208449,0.513691,0.641200,61.1723,65.0000,98.6991,14.2200
test_acc,0.247667
