epoch,train_loss,val_seq_acc,val_char_acc,avg_temp_c,max_temp_c,avg_power_w,energy_wh
1,2.266818,0.000000,0.129625,67.9360,72.0000,110.5201,34.6996
2,2.210903,0.000000,0.129039,69.0010,72.0000,110.6807,34.7173
3,2.211826,0.000000,0.133825,69.0136,73.0000,110.6146,34.6836
4,2.209799,0.000000,0.137379,68.7287,72.0000,110.5860,34.6742
5,2.194917,0.000000,0.151179,68.6176,72.0000,110.5793,34.6954
6,2.173275,0.000000,0.164686,68.6928,72.0000,110.6337,34.7102
7,2.156228,0.000000,0.170429,68.6783,72.0000,110.6578,34.6989
8,2.159520,0.000000,0.181939,68.8789,72.0000,110.6343,34.6944
9,2.112829,0.000000,0.203818,68.7861,72.0000,110.6025,34.7183
10,2.077215,0.000025,0.218089,68.9225,72.0000,110.5873,34.7087
11,2.034866,0.000000,0.243636,68.9525,72.0000,110.6563,34.7056
12,1.985094,0.000100,0.261939,68.9486,73.0000,110.6195,34.6906
13,1.936673,0.000075,0.293407,68.8808,72.0000,110.5843,34.6998
14,1.866555,0.000925,0.327846,68.9361,72.0000,110.6209,34.7181
15,1.776882,0.002900,0.375586,69.1734,73.0000,110.6109,34.6874
16,1.687575,0.006125,0.413157,69.2933,73.0000,110.5206,34.6967
17,1.584546,0.013600,0.452361,69.3417,73.0000,110.6014,34.7335
18,1.471512,0.032525,0.506189,69.5048,73.0000,110.6008,34.6959
19,1.344159,0.066950,0.553993,69.5378,73.0000,110.5818,34.7114
20,1.216585,0.107950,0.601889,69.6467,73.0000,110.5450,34.6972
21,1.102918,0.160050,0.637404,69.6534,73.0000,110.5544,34.7040
22,1.011166,0.212700,0.672282,69.7558,73.0000,110.6282,34.7161
23,0.936370,0.257450,0.694068,69.7403,73.0000,110.4238,34.7788
24,0.875335,0.284600,0.709596,69.6301,73.0000,110.5067,34.6967
25,0.828522,0.301725,0.720407,69.6660,73.0000,110.5502,34.7048
26,0.789059,0.348875,0.740996,69.5992,73.0000,110.6141,34.7173
27,0.756695,0.363400,0.747275,69.6776,73.0000,110.5974,34.7235
28,0.729950,0.380075,0.755011,69.6628,73.0000,110.5734,34.6930
29,0.700448,0.389550,0.760361,69.6899,73.0000,110.6148,34.7070
30,0.677391,0.415700,0.770896,69.5058,73.0000,110.6295,34.7212
31,0.657723,0.410100,0.769296,69.4874,73.0000,110.6356,34.7046
32,0.642995,0.433000,0.777132,69.4942,73.0000,110.6154,34.6882
33,0.628697,0.437250,0.782361,69.3727,73.0000,110.5808,34.7352
34,0.611905,0.441450,0.783904,69.4118,73.0000,110.6636,34.7061
35,0.600936,0.446800,0.787400,69.3750,73.0000,110.6512,34.7245
36,0.589646,0.453500,0.790443,69.3515,73.0000,110.6044,34.7243
37,0.578114,0.458100,0.793204,69.4083,73.0000,110.5430,34.7561
38,0.567693,0.478950,0.799607,69.4306,73.0000,110.6148,34.6975
39,0.556457,0.481925,0.800925,69.4593,73.0000,110.6154,34.7046
40,0.549940,0.493800,0.805307,69.3460,74.0000,110.6012,34.6949
41,0.537166,0.498425,0.806821,69.3951,73.0000,110.5937,34.7041
42,0.530596,0.509200,0.809314,69.3514,73.0000,110.5879,34.7089
43,0.520419,0.516325,0.813818,69.3808,73.0000,110.6266,34.7097
44,0.512866,0.521150,0.814811,69.3440,73.0000,110.6400,34.7049
45,0.507748,0.511850,0.812707,69.1288,73.0000,110.4003,34.7713
46,0.499245,0.508200,0.811450,69.4294,73.0000,110.4953,34.8301
47,0.492992,0.524550,0.816854,69.3634,73.0000,110.6526,34.7283
48,0.486935,0.533725,0.821318,69.3404,73.0000,110.7043,34.7081
49,0.481116,0.523650,0.817289,69.3333,73.0000,110.5785,34.7360
50,0.475129,0.540375,0.822793,69.3366,73.0000,110.6960,34.7183
51,0.472962,0.538450,0.822061,69.3130,73.0000,110.6608,34.7213
52,0.466482,0.541350,0.824836,69.2578,73.0000,110.6355,34.7375
53,0.462941,0.529375,0.818132,69.2694,73.0000,110.6179,34.7187
54,0.459202,0.543250,0.824671,69.2347,73.0000,110.7074,34.7083
55,0.451139,0.553850,0.827918,69.2439,73.0000,110.6688,34.7233
56,0.447045,0.543650,0.825650,69.3055,73.0000,110.6281,34.7256
57,0.440375,0.548400,0.826671,69.2227,72.0000,110.6152,34.7205
58,0.442593,0.555500,0.829743,69.2835,73.0000,110.6368,34.7032
59,0.437645,0.551050,0.827050,69.1394,73.0000,110.4291,34.8002
60,0.431717,0.555450,0.829386,69.1860,73.0000,110.4561,34.7667
61,0.427606,0.540625,0.823879,69.2105,73.0000,110.6424,34.6962
62,0.367359,0.598775,0.845539,69.0145,73.0000,110.4734,34.7686
63,0.347560,0.604175,0.848000,69.2064,73.0000,110.6597,34.7348
64,0.339806,0.606050,0.848654,69.1386,73.0000,110.6651,34.7233
65,0.335702,0.609975,0.849236,69.1899,73.0000,110.6883,34.7177
66,0.331737,0.610600,0.849621,69.1628,72.0000,110.7106,34.7124
67,0.328134,0.610200,0.849796,69.2522,73.0000,110.6483,34.7142
68,0.324400,0.613400,0.850004,69.2519,73.0000,110.6864,34.7306
69,0.321798,0.612250,0.850332,69.2946,73.0000,110.6794,34.7273
70,0.319356,0.610725,0.850146,69.2655,73.0000,110.7029,34.7261
71,0.317374,0.612425,0.849836,69.3566,73.0000,110.6446,34.7207
72,0.314773,0.611100,0.849711,69.3343,73.0000,110.6975,34.7401
test_acc,0.207933,0.639619
