epoch,train_loss,val_loss,val_acc,avg_temp_c,max_temp_c,avg_power_w,energy_wh
1,2.345107,0.836030,0.294725,60.1129,65.0000,98.2088,14.7110
2,0.452094,0.336066,0.668600,61.9896,65.0000,98.8825,14.5515
3,0.285093,0.289436,0.705200,62.4268,66.0000,98.9283,14.5008
4,0.236852,0.270559,0.720725,62.3891,66.0000,98.9789,14.5186
5,0.204652,0.266009,0.728100,61.8556,65.0000,98.8744,14.4971
6,0.180548,0.264672,0.737475,62.2071,66.0000,98.8998,14.5001
7,0.159340,0.258676,0.738650,62.0772,66.0000,98.9351,14.5343
8,0.141329,0.261581,0.743750,62.2213,66.0000,98.9909,14.5235
9,0.125698,0.267038,0.743250,62.1921,66.0000,98.8810,14.5116
10,0.111183,0.280676,0.737300,62.5950,66.0000,98.9883,14.5317
11,0.099200,0.280844,0.741425,62.8455,67.0000,98.9340,14.5317
12,0.087340,0.293938,0.740350,62.4167,66.0000,98.8076,14.5313
13,0.049722,0.277702,0.763725,62.7203,66.0000,99.0227,14.5473
14,0.040030,0.282619,0.765175,62.7203,66.0000,98.9745,14.5229
15,0.035384,0.288982,0.764425,62.8455,67.0000,98.9992,14.5358
16,0.031634,0.294811,0.763300,62.7750,66.0000,98.9881,14.5611
17,0.028729,0.300553,0.763550,62.6827,66.0000,98.9582,14.5380
test_acc,0.507067
